3.283486828804016
3.269201231002808
3.2354160928726197
3.2172718334197996
3.188103828430176
3.1692282342910767
3.155623617172241
3.135518102645874
3.1156828927993776
3.102619800567627
3.4164590549468996
3.2675599908828734
3.2636577224731447
3.2428204822540283
3.2035546016693117
3.120561661720276
3.0669460916519165
3.1178823137283325
3.1110910034179686
3.2093512201309204
2.97744824886322
3.2638300848007202
3.2384411096572876
3.21692177772522
3.20391309261322
3.184368019104004
3.1733721685409546
3.15339759349823
3.1391966724395752
3.119723663330078
3.0997311639785767
3.2799998474121095
3.2516614246368407
3.2324726390838623
3.212930164337158
3.193346495628357
3.17837881565094
3.1666441774368286
3.146634383201599
3.1193131399154663
3.0935805559158327
