0.05055219173431397
0.051498494148254394
0.05098474979400635
0.05052933216094971
0.05271564483642578
0.053049144744873045
0.053092818260192874
0.05110398769378662
0.05051981449127197
0.04971337795257568
0.04971231937408447
0.051051912307739256
0.05095223426818848
0.04981900691986084
0.04988268375396729
0.04972650527954101
0.05049452304840088
0.05088225841522217
0.051536636352539064
0.049749169349670413
0.05251713275909424
0.050588135719299314
0.0497960901260376
0.05188828945159912
0.05302931308746338
0.051802659034729005
0.0497794771194458
0.0509873104095459
0.050618042945861814
0.05499653816223145
0.039537663459777835
0.03908337116241455
0.03888672351837158
0.037608985900878904
0.039372797012329104
0.03872251033782959
0.03793210506439209
0.03834737300872803
0.03828736782073974
0.03912726879119873
0.06508967399597168
0.039108867645263674
0.04008939743041992
0.040681924819946286
0.040087499618530274
0.03966738224029541
0.03626772403717041
0.037326421737670895
0.040845575332641604
0.040701370239257816
