1.8146774768829346
1.7839477157592774
1.769411005973816
1.7419117927551269
1.7212098217010499
1.6994776821136475
1.6803090715408324
1.6635898494720458
1.6455336666107179
1.6278883457183837
1.8218937730789184
1.7997504234313966
1.7653929567337037
1.7233119344711303
1.7075598049163818
1.6845793724060059
1.6594208526611327
1.643823595046997
1.621792769432068
1.6057754707336427
1.8117879772186278
1.7815561151504518
1.753366265296936
1.7374415493011475
1.7215364694595336
1.6994189262390136
1.683781762123108
1.6697999715805054
1.6479644203186035
1.6342938804626466
1.7358157682418822
1.7085708570480347
1.6855796766281128
1.67149667263031
1.6536934423446654
1.6359506750106811
1.6190391492843628
1.6000997877120973
1.58630455493927
1.5693543767929077
1.7568953466415405
1.7297811555862426
1.7032460355758667
1.685564227104187
1.6672833633422852
1.6534551572799683
1.6357079315185548
1.6175379323959351
1.5959594917297364
1.567824239730835
